0.10561423350850457
0.09641809346728394
0.09534400272857575
0.0880799720587854
0.05903965010609189
0.06540358578218591
0.06063400557495037
0.04545019260160268
0.09774281908916684
0.06941146925408906
0.013824248922240257
0.023474866292132947
0.04934882010152256
0.039815237092172676
-0.033006809207218074
-0.023678329186118768
0.06523639459942049
0.01744914393350068
0.00958643744562727
0.03769984677076667
0.026714856009484925
-0.032440139371419006
0.01103068299257665
0.015441120658660911
-0.017089357073962218
0.011150771969619559
-0.0065939975487212445
-0.006363681093130973
-0.002635570999148796
0.018710162976322636
-0.0045401315026965955
-0.03027945721267929
-0.025670541773700987
0.011648836135780981
-0.001537210822519351
-0.03567373736743424
0.014293752651669272
0.009740482374858214
0.01987063394869619
-0.03049315317834911
-0.010055710011087389
-0.03076112079667892
-0.008201863832783741
0.0397991949219962
0.03676247897802498
0.04462728790471224
0.0060349786326670506
0.027435912249202526
0.03911092693150684
-0.02877735325648698
0.0038747647705902146
-0.028917919986908684
-0.02920751458191847
-0.02335206031535056
-0.028374369559394253
0.040869420287457624
0.022574148850179943
-0.02054543944113105
0.028809566934791017
0.02988967305850926
-0.0382347841264993
0.046248379336131906
-0.03181472951586346
-0.01672507550231604
-0.02066499416886305
-0.006422444685880606
0.0029202562547092498
0.027009041676603354
0.030993846247790422
0.02173933990265658
-0.0014667789315094388
-0.024074575528136875
-0.02829356308393854
-0.012266606917436668
0.04140013963513778
-0.026273287132175152
-0.016248127925071226
-0.025540336023084035
-0.006758813738621514
-0.02666103667538964
-0.041946821523181806
0.048996375805828274
0.02777598283729119
0.034159050421354205
-0.03728092986945377
0.012143183373024512
0.014243249035085823
-0.020788188690826763
-0.014838902397006932
0.041742192596852766
-0.012647513584296515
-0.015779543572103923
0.026974875493896544
0.021553334668109762
-0.0457484542729179
0.021439118987783237
-0.029083612805375688
0.02816314877918589
-0.028358904230458788
0.03405641970591799
-0.005189265159884302
-0.05219826228373445
-0.028504313355342533
-0.0013381373330468335
0.027500613222201247
-0.02275046535754279
0.036717472319997585
0.033098920037094935
0.05411768258221431
-0.015586350463283528
0.03895262284023588
0.01684598478886539
0.008563830801168959
0.05092416450924623
0.015437029961442346
0.004404126923529588
-0.015519631952018017
0.01337627104861958
0.018602162815243822
-0.07578792284904011
-0.016311256956001795
-0.02748972817984117
0.03266633734424653
0.0223906902152331
-0.008547685939264756
0.005912008037147011
-0.025012833017629754
-0.008424597326152696
0.015689304094626256
-0.010652225004440404
-0.020187286517940144
-0.01213822872274708
-0.022079136066188252
-0.007072519990619177
-0.04646790666312101
-0.00877900784659258
0.04133036856133815
0.020368925927756094
-0.012867838252330779
0.0015388353329422802
-0.036994416382846944
0.029151595330429863
-0.0026668199781958676
-0.006712477644041905
0.019130065226911873
-0.030993019415368035
-0.025577258004769964
0.032389002817996296
-0.02315084977829632
-0.0017038861127893958
-0.018581739510989546
-0.008923793051426081
0.02578997516945844
0.014100725457548107
0.020762985622268852
-0.05335441515805494
0.02212790309013486
0.011819300139288736
-0.014055412771448407
-0.00018441124983406638
-0.046278163225254056
0.0474325110152224
-0.008730681085171247
-0.019055858554365056
-0.0004122371226710263
-0.018428162961268254
0.0320188850138577
0.02848291920112318
-0.00625642560941828
0.0353366839696397
-0.04489689894100313
0.003492692546641871
-0.0010072970222596712
-0.011567562296510854
0.009316705781486318
-0.02271035970505853
-0.004423547031378189
-0.037571219025751626
0.024988965483828014
-0.05163823416777138
-0.004594643634799006
0.012962934754248942
0.029974127872633344
0.02530708721635274
0.023892331271468135
-0.026925131476500386
-0.009580292518087683
0.00904321937103811
0.042217800907883254
-0.02820501827462574
0.03929442106955604
0.0027354876439296826
-0.02517211861505678
-0.053162885962392985
0.018241400419857334
-0.0007406201457387592
0.007726477815208481
0.013964045192725266
0.02458234163819762
0.04039890113119899
-0.030654846407402243
0.019505249529666095
0.00514621255868443
-0.03298737691086399
-0.02705739054826544
-0.02535674604166778
0.015693819262308718
-0.005599348078991626
0.026281961381822736
-0.01751977696269403
0.03354436717012192
0.011717331375115582
-0.018782034510290615
-0.014349717648789803
0.028606862322942024
0.0074208439101140795
-0.019474090626405764
0.013132124328595654
0.003888562548882321
-0.04464296490404746
0.05188868943524377
-0.0032078837444252245
0.035927219997485584
-0.024376410499911315
0.030979076618881263
0.03496070725575183
-0.007260486677629735
0.026133568560967105
0.00040663472749478475
0.020522870420667774
0.004297310965029828
0.054524958096419336
-0.0019983668998518585
0.001876953747931295
0.02190634740036862
-0.05750472609309241
-0.02186316547791914
-0.00884040300778895
-0.054830307232745734
-0.03667049005547269
-0.002600437148077808
-0.003379377110835942
0.006751087655248337
0.04216069684690839
0.006929497479772643
-0.0384841158810524
-0.04189861435471081
0.046592719183206524
0.04125316490042084
0.02266819122858733
-0.02492715300441656
-0.009635566649004145
-0.042988699365238366
0.005167530778767391
0.013284186550790378
-0.002336057328722645
-0.007216946686772298
-0.02263857976184786
-0.0014551800030049148
0.024268643126801805
-0.029491234574738068
-0.0054729586195831174
-0.00977360157792668
-0.011443905193400671
0.013922992543449527
0.00178201821663988
0.022845790191463627
0.015952204595058417
-0.03284027659980216
-0.03422860121867321
-0.029861299554501
0.0309215077368147
0.007119450250028867
-0.02384222284212176
0.00654301097434776
-0.03147313543410831
0.03790572442066954
-0.03481263627413076
-0.011758351222643244
-0.02676650701148795
0.040003272461694245
0.0063708233704746695
0.014906459716162881
0.00785809349691452
0.0009712330341234118
0.043302694639775076
-0.03958830954302695
0.07121083596113113
0.000538967719222018
-0.03130278281029137
0.029281571853449994
-0.051585422978742614
-0.03192972715017471
0.026822504215318215
-0.020896749406917832
-0.02837449147937
0.04175259623577324
-0.023405096268968553
-0.0017227305764280969
-0.03313039528251576
0.09122756231560586
0.007805340282432359
-0.01695266993346549
-0.04548228982651745
0.01615423690248482
0.04203303958001713
-0.020691377291809733
0.034170960980787826
-0.02054797530615501
0.0018787833628145375
-0.01396479825282727
-0.0047387795745198755
0.02903520431778817
-0.04296081819717475
-0.0451000328048641
0.035637644468204
0.004522041343449693
-0.02921282508600897
0.022801086832010264
0.028620712624260924
0.0022823008774533584
0.004733734633008962
-0.010139892955709643
-0.009063204280381822
-0.003101175749430346
-0.0049912227702774
0.050927751605033614
0.005001581228310885
0.01763232196035055
0.017389871003127014
-0.030406719655251723
0.009998732305094044
-0.0351619301371216
0.05082561377124937
0.007688075282821627
-0.05277827360840598
-0.034474239139196484
0.01029860161499405
0.01130413849650032
0.04660790051995233
0.024698028148748233
-0.01460696514254057
-0.012699913182389264
-0.010680611085650368
-0.023228464585532887
-0.010979400844268078
0.008820839259488861
-0.03712686663759216
-0.019951278453006826
-0.015188934598927784
0.03792703123318963
-0.010660322706610523
0.023938333638149005
0.039390394420404845
-0.07149370341748623
0.021327193852189456
0.024408765149788136
-0.03349243275582365
-0.03641591348613357
-0.0250885625102089
0.03907476788937836
0.0017138390644867616
0.02478071768734612
-0.01821363937207456
0.002573210894194337
0.005000193872983949
0.06597063399573755
-0.012053220092366203
-0.05805268211990918
0.06408327311678999
-0.027081645029452893
0.004445337115836013
-0.039944742872019774
0.026730026906099446
0.04316942251810972
-0.06574924130254929
-0.00687775641666051
-0.009485204602379699
0.0022110354846953677
-0.011787008060738739
0.015307251758291987
-0.0016664165244973462
0.05312251601483048
0.03014329762559012
-0.014000719764933754
-0.036379696104559975
-0.023547993334283566
-0.05866258693592073
0.04010824144482974
-0.008501025508000807
-0.03765468012490661
0.025352598436709717
0.00029698817608371503
0.050499062574409156
-0.03495620208890579
0.021819061759884135
-0.008609453054812614
0.011980786782374363
0.030788947072394126
0.018281571765320716
-0.0040977524459267466
0.02819772866930688
0.01996748280831697
0.035515816270926676
-0.04766589433948363
0.025976984066555225
0.01800064114766111
0.023075858171066787
-0.01490727748714143
0.016237452163007617
0.019790233534954113
0.03540468821988571
0.023670636665258767
-0.018981870011090914
-0.007384133524252396
0.0005636160593809012
0.020110843204869673
0.0015714169595354305
-0.030326771601981984
-0.02688658864782585
0.01163154114138359
0.031903743700511314
-0.07298086021541478
-0.00661143286206086
0.0394280888449365
-0.04354864030639528
0.019988671670313412
-0.039416656975760106
-0.03704215093968163
-0.046489045161750384
0.008629130271381076
0.024581236540952404
-0.026070141589641674
-0.026383609676477703
0.04773409563948202
0.015583493548455741
-0.0241528534487129
0.044088377940811656
-0.0026283838988134917
-0.03906345991136292
0.06309320292266332
-0.011527597397549884
-0.02404321575042594
-0.0279782349372919
-0.0351207565719589
-0.01901514759042153
0.04468470870009229
0.004401781526991547
-0.024347817292226202
0.011357783191970084
0.03893663720553268
-0.02067836578518868
-0.02009115226377876
-0.0029055124172835778
-0.048544067160389635
-0.029817786318112483
0.03585820405334777
-0.01805368841969747
-0.034099577115812456
0.014860304912992891
0.0027092334861264734
0.019517391427564534
-0.005323110058907738
0.0493667859886433
0.023977883798957027
-0.04033154936628647
0.0431834800252849
-0.022850750546726934
0.0038691003513002826
-0.0022253555632242962
0.02888389080950667
0.041344020584934096
0.016244985794227836
-0.0413468992750263
-0.017451656251465112
0.026261989301674914
-0.008026696090512835
0.04608260324049739
-0.0006805914615774324
-0.015782732891311033
-0.011947980047328093
0.0009576178782390391
0.041640711184874224
-0.020798157271631524
0.03312164778742742
0.03992618532890677
-0.05171262817708207
-0.03788859920440558
-0.022838301892318016
-0.020631452320487815
0.022542847991011687
0.03423451833735349
-0.06143067751184776
-0.02950570580195311
0.051634409464137394
0.007944789197529075
-0.033310216682120336
-0.041672277567039784
0.004137842015867402
0.01952071569576645
0.008426476440929639
-0.0005264153323647901
-0.0016595938901432276
0.032655583433125704
0.04289909019937671
0.011030194010833782
0.007776059999304087
-0.001530375075931298
0.07529439158629435
-0.043969907438112056
-0.04446573755254607
-0.03246751989381746
0.01724890619867977
-0.031624718831612955
-0.014317775011506464
-0.05616879757096108
0.033749583805097544
-0.022754729246699183
0.03383300359244315
0.014022942725425412
-0.0285369039032201
0.016021032381626565
0.014324545998119961
-0.023773337338508407
-0.005254517363876346
0.06188900237924122
-0.015499394224866818
0.009229663846973043
-0.021532660684446037
0.019777894583410813
-0.018256688784189724
0.028907830102545478
-0.03803812040432697
0.0123819773060513
-0.026303354191582588
-0.036372101118736566
0.003806338634180117
0.021136247535909845
0.04807326939055538
-0.023918576432834706
0.017263925262648958
-0.001402339704182839
0.04334256229468276
-0.03103735412299871
0.004833995719906291
0.026878398607910203
0.059530100150391306
0.024581033385456457
-0.03159031215069322
-0.04147257189219667
0.03419367075097274
-0.04604760041317822
-0.0384461092002609
-0.01473916050346172
0.03991333773265633
0.027233369425763133
-0.0014226333707398288
-0.07441092939983301
0.007881176167722685
0.021943894311048675
-0.022711764243541252
-0.02295768768252795
-0.0009498756162681629
-0.03746810778229754
-0.010709509853586017
-0.007599922862710074
0.004565751510301795
0.027777716339093234
0.002535376872486139
0.02970018034843437
-0.0025624856707177858
-0.0019520997930356759
0.06820833791425732
-0.017810644129979448
0.0018823683190805512
0.022512021561189217
0.04808918155196932
-0.07435087935065593
0.016070252329594227
-0.005545077127883783
0.03137417071456694
-0.0133441170244363
0.0006011022212017264
-0.08506795073316228
-0.0006812574258162119
0.034055226638701856
0.01593374769376212
-0.005352612397015204
0.018146480227762513
0.022189445919687065
0.036118687080362574
-0.01595705833818261
0.04118950113884434
-0.01667794219967149
0.021557741064299734
-0.0433682131469929
-0.0553782322559497
-0.012451772463889262
-0.07257893859542278
-0.007690229064135667
0.06628741680459627
0.006574275084380037
-0.009384613485326515
0.02451838429970877
0.0002121209745165519
0.005354691026790428
-0.007796131011483808
-0.032912165876031026
0.00014177712550793474
-0.048352134655171644
0.02070785544391418
-0.010409936854972764
-0.018228879138003317
-0.020519795928685636
0.038504124174257075
0.014213708900615393
0.03995341201131991
-0.0068143693280554585
0.012567835103124345
0.04021332306277477
-0.03144375462353303
-0.054049214932693906
0.04478998697087957
0.016903973194628524
0.01447039040263981
-0.024317490027633174
-0.0213883964619726
-0.016454360085236215
0.02980515970691028
-0.011746412402425818
0.022372337546402356
-0.03670103426665006
-0.015342726405445605
-0.05496983774097243
0.062353807005666895
0.06212529719907733
0.02218164650957494
-0.0021592979295799995
-0.0433799772999301
-0.011559813894201356
-0.05945628050768389
-0.01256806764758808
-0.021946791986860552
-0.019755030082927737
0.0277028717546112
0.027019918423284526
-0.01617972802516179
-0.04465023995065696
-0.03432808727074721
-0.02708607114563796
0.04428781288284223
0.007954635337843255
-0.023826316816844904
0.05301698781202387
-0.02691899984461175
-0.03672312930208764
0.0035914171448754376
0.0743717933258112
-0.004174178052598285
-0.013810388394590587
0.002695008861073114
0.014313091866303213
0.009827737479836472
0.03047390831334508
-0.0007023447664893762
0.015986642329274745
0.024939039167847024
-0.014099610101974129
-0.035242847954767946
0.039514615117530426
0.016423273544415418
0.04880325594870776
0.027697129312638326
-0.043364661204709866
-0.05471468517416098
0.058793857651445534
-0.026616158436714946
0.016151106830803237
-0.039448927364854725
-0.033453878413339265
-0.02341287904874346
0.004547960329365179
-0.03264718268711572
0.002218499805046401
0.07753737863332338
0.015775885882916823
-0.015646741101985287
0.009437606980263165
0.03367916981544161
0.01892756018719013
0.0020096068758037036
5.5147832795153495e-5
0.005972948881624758
-0.02521402901547465
0.009709617129916602
0.02896308133029116
-0.06410268754301944
0.07359591180300849
0.03119655139146101
-0.05691210980406907
-0.056163854668560984
0.04811375943083554
0.011568528005436448
-0.03655789859202527
0.012475217568695844
-0.06329406067399176
-0.02382238972785718
0.03926723578273085
0.03058293651681435
0.0026516142919421454
0.07715765784907117
0.0008316011210900806
0.030912551054470237
-0.010365233848503273
0.002025397852204568
-0.0509078449375915
-0.05105662317790881
-0.08999982480036041
0.015122697516679938
-0.06127379496628689
-0.02601572141139665
0.026082039939988564
0.008993956142835338
-0.03134194208932951
0.009726615918643789
0.023832831745678854
0.015739412251116483
0.011673718797776138
-0.04255076748130926
-0.013247378648972009
-0.009056152738918922
-0.06852275261744532
0.030613161127455057
-0.01680220905502611
-0.0025325150870765412
0.0062508955019216755
-0.035740974127108915
0.03125420870389064
-0.009672145677168346
0.06100408316825455
0.002904947302184217
0.06706730090380927
0.004719391409229541
-0.0017570860696131995
-0.0016035946525768013
0.00716050489469865
-0.02533079969218732
-0.01530009332502976
0.08389561544605478
0.06749066883997923
0.00847522299161458
-0.026116273193284353
0.013638397788179159
-0.003080165095611887
-0.025947675722254877
0.041934254294228174
0.019217469654222073
-0.0686270262525035
0.05110201218568427
0.02625310992385847
0.029611687021792385
-0.046966223564727
0.0020514338974298406
-0.04117400583375966
-0.04131618351080063
-0.02423679155659689
0.04308686920661801
-0.05057075072634426
0.06482364612638851
-0.007118015112362268
0.01201409977470213
-0.018332724971664438
-0.03072640617281299
-0.02246252222620281
0.04312163132930719
0.04165041244650308
0.013077178803845645
-0.04813154100755909
0.0018449753459746886
0.03814421158611116
-0.010331013305773549
0.027010531538223463
-0.036478945514925774
0.05275547253214164
0.025780379142028853
-8.831962566548515e-5
0.017039225266411873
0.014141179759920746
-0.02784622669468846
-0.048039391835243014
-0.03343991839362288
-0.002357176741843181
-0.027136878584429345
-0.021504280996895685
-0.019245376596278542
-0.04704760620231481
0.00966011388793001
0.026855305412216476
-0.0379131509920289
0.028711520881914046
0.0006136987506288218
0.05075312170542981
0.00668293844991238
0.011948520492866757
-0.03607860761524163
-0.018332079619075
0.04848649973212819
-0.03507748207733353
-0.0016057136364955934
0.041286765052844496
-0.035188673402232196
0.07149458199256688
-0.020504591696414838
0.027094317848621624
-0.0042909685548947595
-0.019555204777850037
-0.023702538607690723
0.007007596488177453
-0.012005695323886399
0.05824701091089111
-0.0029858172431376875
-0.031889506681268706
-0.04635981467821477
0.037490465033421176
0.01776825578024837
0.01494131737303871
0.016038547011271054
-0.009730225050191381
0.057550011995916
0.06831348483444857
0.009419282209709778
-0.029282015279094374
0.016626653100278235
-0.04822520031945641
-0.032678568299994305
-0.004128440787265395
0.04199239048311782
0.06721749678093297
-0.05021996863770378
-0.030575211747315763
0.03438327013508093
0.025735275904366115
0.005907803440953497
-0.04186656473488806
-0.028412282609787454
-0.07844262272907414
-0.008648975951552198
0.0825728993452155
-0.04111279390119472
-0.014636212790837927
0.009711336137592976
-0.006011270854427177
-0.004127893592166042
0.012101839766384553
0.001711999125542018
-0.06745363183677454
0.03696419555847012
0.011830389341464527
-0.0050515698876933204
0.023239876928207358
-0.00887244247856197
-0.016911179288358908
0.008290968532600425
0.012814981387421672
-0.00429950175638355
-0.023649948727646468
-0.02315523333151105
-0.0002598037745232149
0.0029396141534617642
-0.05491609914541093
-0.0085130070905972
0.000207020256635284
0.04362141113427591
-0.022399080798269373
0.01897018403261748
0.018446511368304438
0.03033619282372052
-0.03921852246657588
-0.0005661375106463958
0.012713916580718717
-0.049551930136075534
-0.03750975533511446
0.014930974541625671
0.05712688043011764
0.019422328121081932
-0.03616737010534438
0.06928995080568928
0.03007973595246069
0.009513951609832965
0.040670635694448204
-0.003104223833714076
-0.018791844651389222
0.031323932612717154
-0.04457013990909155
-0.012494866239105899
0.019877468585363604
0.005347839505613473
-0.05945379771300721
0.017296499284575387
0.0005545831859722205
-0.002176027173350683
-0.03453907685909458
0.0285907023055584
0.006900413459021172
0.03436887860496707
0.01966487092186659
-0.027410039417657815
0.04972748358799298
0.0006938256149538573
-0.012395550745294347
-0.02809681073597641
-0.052902860588853004
-0.04274226563793746
-0.044660525281183854
0.011882224000535473
0.056403611752291846
0.02854885779941061
-0.03639755600890376
-0.016085922510349373
0.041213039279150813
-0.016028341689140357
-0.011541404838014045
0.027436684471775972
0.0120359666008229
0.016895571475318727
-0.018592144478461244
-0.033435232375693284
0.025833546703488423
-0.019943575162119167
0.011369603585045438
0.0009052879314444737
-0.04910059393807577
0.00799225377123172
-0.016308014187910364
0.0138083843833286
-0.012865276739094314
-0.05123305063340083
-0.02087706554550556
0.01917863399656316
-0.03217092886520616
0.04612118233642842
0.0116500629030491
-0.011475987394086121
0.07450183582156254
0.00013645190157513798
-0.026360059138150385
0.020821341006707385
-0.008313683180660671
-0.02026318881919424
-0.02159789816022821
0.014505746903861192
0.07866922533792045
0.0432676595300651
0.001669274527855452
-0.022856535523928224
-0.012561523535088005
0.018927634637076588
-0.03616093900853578
-0.026330595292916717
0.047470810824916276
0.026897560457858644
-0.03031199491774613
-0.024176692009730525
0.025703331520241714
0.06560423885072936
-0.032715856557259095
0.06544603757354239
-0.049178241009328154
0.00895148885044243
0.011746464053720082
-0.05295585689270371
0.036189920302865344
-0.02236597415288579
0.007601207844592283
0.00685350752442984
-0.027137533768440116
0.05383249992985669
0.015436744225652001
-0.06256721272876681
-0.05207287947671508
0.01614629004530719
-0.03148731264118426
0.02679861327672785
-0.05019486130361997
0.020028920521199475
0.012213760812149569
0.02162757965387083
0.023817211059083902
0.058298632588309196
0.0008368180738819595
0.0183093228875055
-0.013797494361199059
-0.08905185604340575
0.03555267948651716
0.0011019453359262653
-0.09648353526021565
0.05175482412887149
-0.011176399952923804
-0.030109216608951363
-0.020698289230736546
0.022937486601734246
-0.003954315504916445
0.02880682728694246
-0.049391413040889266
0.005800962580713294
-0.03280826829842624
0.018210786708031723
-0.00184712645192406
0.013301545374763052
0.021444224027753277
-0.027349415298777772
0.06309795723599122
-0.053777811649009445
0.023113724788302738
0.016933490967575193
0.010205809349156521
-0.0018833832229544847
0.007141215828144916
0.0012974281063192572
0.039714574877358584
-0.037779155690224435
-0.01657440920212761
0.04033591447567861
-0.03969129539525555
