0.10561423350850457
0.09641809346728393
0.09534400272857575
0.08807997205878539
0.059039650106091905
0.06540358578218591
0.06063400557495037
0.04545019260160269
0.09774281908916685
0.06941146925408907
0.013824248922240255
0.02347486629213296
0.04934882010152255
0.03981523709217268
-0.03300680920721809
-0.023678329186118775
0.06523639459942047
0.017449143933500656
0.009586437445627273
0.037699846770766654
0.02671485600948492
-0.032440139371419006
0.011030682992576656
0.015441120658660963
-0.01708935707396222
0.011150771969619564
-0.006593997548721235
-0.0063636810931309755
-0.002635570999148792
0.01871016297632266
-0.0045401315026965695
-0.03027945721267928
-0.02567054177370099
0.01164883613578099
-0.001537210822519354
-0.03567373736743427
0.01429375265166927
0.009740482374858162
0.0198706339486962
-0.030493153178349126
-0.010055710011087375
-0.030761120796678924
-0.008201863832783741
0.03979919492199618
0.03676247897802492
0.044627287904712286
0.006034978632667052
0.02743591224920254
0.03911092693150682
-0.028777353256486973
0.0038747647705902285
-0.02891791998690867
-0.029207514581918472
-0.023352060315350556
-0.028374369559394274
0.04086942028745766
0.022574148850179956
-0.020545439441131037
0.028809566934791028
0.029889673058509276
-0.03823478412649929
0.04624837933613193
-0.03181472951586347
-0.01672507550231607
-0.02065231242782665
-0.00657037050565935
0.003420522773647299
0.027964954337077286
0.030547630107841697
0.02139823680990438
-0.0015856037069926087
-0.023782466911901553
-0.027826481684482842
-0.012320182496347865
0.04102249095644775
-0.02637848252204114
-0.01676056847852032
-0.025128840427692527
-0.006096228365072396
-0.026449595650304174
-0.04147555486475267
0.04867439694116805
0.027513257563651916
0.033816168962238866
-0.03716726862298193
0.012464560135580553
0.014302969689349614
-0.02063145901741867
-0.014514321846913265
0.041456257560261965
-0.013228293452984844
-0.01516349371468071
0.026421511539690433
0.0219945775360821
-0.04596410993148559
0.0224082003229847
-0.02830400560882941
0.027246634314684895
-0.028593992447620776
0.03345810917103545
-0.003969240956447551
-0.05348137375319865
-0.02744809621336643
-0.0023238137042381076
0.02820868211854734
-0.02155558641774673
0.03640432849176868
0.03295578304664815
0.053746761861878066
-0.01636411132300694
0.03799705032105236
0.01713952402563376
0.009171955389112505
0.04957422051805513
0.016022679653263518
0.004775215645565158
-0.015037925235582669
0.013502394831834942
0.018661304432497514
-0.07682596447601915
-0.01552291412019037
-0.0276305791505681
0.03254257820245713
0.022649021962569276
-0.00833957965970159
0.005504073318869368
-0.02332396375586141
-0.008639276553911295
0.0013383374453092788
-0.02566006191860606
-0.03202346329150108
-0.0211281225599699
-0.03206709640718905
-0.014471130346926571
-0.05591960654596434
-0.013275866110909593
0.03914807156488812
0.01867296855090479
-0.017995924538096626
-0.0005523178576275
-0.04110789689258621
0.02771618435243878
-0.00516905995149048
-0.007941502449476131
0.01685031370268356
-0.03226917696998055
-0.02639105204510819
0.028014877900409768
-0.02399697759542851
-0.001447910157734849
-0.01956553390537517
-0.011127419925049386
0.02633168370053349
0.016145689951106632
0.02050554082179744
-0.0539265344731695
0.022908601066460147
0.010479009521064635
-0.0136443089507068
-2.407175151240945e-5
-0.01987711671133491
0.06696616066440368
0.010465529905170171
-0.003323856896133943
0.014381315779344926
-0.004737501322371988
0.04402225230974143
0.03298068947877451
0.006123702914217499
0.040364833813347656
-0.03802878012009577
0.010661331493752212
0.002349651039528814
-0.00789308302253265
0.012454295235627995
-0.01958464636901957
-0.003548362198989884
-0.0360646834445988
0.028175132457416076
-0.047155734669594856
-0.004676477401486906
0.013382212238353827
0.030887520447064123
0.025909456028112367
0.026978520417513634
-0.026734417457999413
-0.010155345371821124
0.009354407755883391
0.04343377607795049
-0.02985822369504142
0.03857580845641061
0.005770830916553645
-0.023431182585423
-0.057046998380052574
0.016774241291477733
-0.0014523182959797942
0.006618608508409259
0.015122952474292376
0.02048913396017265
0.03947572354440605
-0.02993901960309622
0.017794252276623707
0.004124743238900582
-0.03608811868678898
-0.028559893632427513
-0.02870697062096219
0.01572551857494475
-0.0033187253857535895
0.027721786192778562
-0.016431651308009998
0.03566959009377197
0.013497866621365427
-0.01926796580634794
-0.016527259754442022
0.028708611014901884
0.0067981911515841474
-0.018692128447539997
0.012485603927604729
0.004481348952152148
-0.04497717468329753
0.050873392936210377
-0.0011623160039387253
0.037347858584661345
-0.028146334891680804
0.020663769803314254
0.028406020043971435
-0.015542023513144688
0.017209795323710756
-0.004685119829202141
0.01870475984665894
0.0006236338383168237
0.05529788929233034
-0.0017938161488934943
0.0019334072162289827
0.02130827053526115
-0.06611471049949547
-0.023135474158272693
-0.005850487429739357
-0.05708144753383833
-0.03674349618090631
-0.002572861476364038
-0.0018197407044467913
0.004094015953552104
0.039622622008611
0.0058695638101125295
-0.036706165133822743
-0.04548450807095182
0.049639655525241216
0.03895947464345788
0.024361496001631174
-0.027508687341768968
-0.01023891159549769
-0.04582747954884637
0.008250078245628987
0.011924169081439737
0.0006577712481006279
-0.013118260132773367
-0.023314801017751262
-0.0020700984454431175
0.02434240731664095
-0.02915705193037598
-0.0048283953389793
-0.009512368873335113
-0.01155857455152054
0.01058754717623972
0.0026979634230766287
0.019076282188193735
0.01794269957915715
-0.034841879874145616
-0.03255814105350646
-0.02999497621487761
0.027592500692208203
0.007247261476459115
-0.024081182928590714
0.008726894586190137
-0.0338798762603372
0.036757807968794735
-0.038993442583895956
-0.01053386682787667
-0.022954940418016306
0.03704813179970559
0.010608331719259947
0.017193334033526075
0.0044575878286618
-0.004925486984369475
0.04317501069372523
-0.036876264056952046
0.06942074325123958
0.00926763764305188
-0.025993361207028862
0.03399215524549846
-0.04689592216718628
-0.027354739666290956
0.030008218277699054
-0.018672508503154772
-0.02569011070216918
0.05001455629991864
-0.02065478359110727
0.0006432052057886772
-0.030234502516570054
0.09287634536227715
0.011277463939610271
-0.021683698485364666
-0.040640680640152416
0.016456394725504697
0.04614084199277193
-0.02063114327807359
0.03303863392651748
-0.020562267786142834
-0.0008271778900666637
-0.016878068074067214
-0.005131401914086551
0.027343184334616955
-0.0415229318617976
-0.04410527316493075
0.03471867365594957
0.006497936788407519
-0.026956555929523562
0.023159100437420446
0.029939486486311066
0.0034050674084325633
0.007901296898700222
-0.009767705029051972
-0.008703048270839274
-0.0042571177316437945
-0.008159188806567696
0.04939439331944993
0.0033072850767692425
0.017213050432319254
0.018682922305647262
-0.0313725686851436
0.014026102158518431
-0.037694958451219715
0.055601394810566994
0.004052258445158702
-0.055158272598163874
-0.035752890232836926
0.0104623467475406
0.010840822215108188
0.04380851089515459
0.024618494739511783
-0.01432482371786687
-0.008261108459492574
-0.012690533259273079
-0.022487719374052643
-0.012451892899382987
0.006630497216246835
-0.035942538358016474
-0.017937421295009408
-0.013024792528075268
0.035970672755888874
-0.012415819445024696
0.02447283056636339
0.0465903017769832
-0.06709633547305059
0.021531024878235567
0.026409274645794643
-0.029998921561295
-0.03360993435354654
-0.02458501657961359
0.0436736425595956
0.0026464638312265385
0.02418007321306549
-0.018142009763177525
0.0005572572494782268
0.006141978092971376
0.06603317981704614
-0.010610406577398613
-0.057014861665704804
0.06498062939271383
-0.029576708859155313
0.0025773545283115243
-0.03973878000701357
0.028811680827739272
0.04962327886991164
-0.06199179664423406
-0.004428333917417732
-0.012370957412625578
-0.0024239649786432084
-0.010024263058199806
0.018894154273596035
0.0004456130926711933
0.05389424890901145
0.028462241797750854
-0.03840496761266543
-0.05779901067958539
-0.04358677498468453
-0.07776886688640103
0.02428294257212867
-0.016304982398253915
-0.05074223957187365
0.019109742971434113
-0.007424717001253176
0.045150336492026405
-0.03733520235324471
0.019873374640211466
-0.01030100834788408
0.006022809215647394
0.025197264984542278
0.012077555728657971
-0.004846896528985633
0.026416233614883683
0.020608019777772515
0.029825276784463988
-0.04896214776738275
0.0224913484880281
0.017386772135263455
0.020749206955554652
-0.012418844663149702
0.010590058942501833
0.020178856326394826
0.03958755847769808
0.025904228690315504
-0.0198108019947304
-0.00736541968146002
-0.008315040236199124
0.033874738914451294
0.00926856530579602
-0.0228279957342746
-0.02378915540955462
0.016135248820099056
0.03683884621458585
-0.07204045308375023
-0.002565816262495121
0.041989404764257235
-0.04461825758130774
0.02187849225208166
-0.03367139242811923
-0.03926258593823745
-0.04576299193037056
0.006650107811706733
0.03224117018357129
-0.027939609417796947
-0.028152042707487505
0.04522548036587049
0.02115958156707327
-0.023742272931710766
0.04781029973582863
-0.003868580065536423
-0.03579069189086459
0.0680268741296788
-0.006496543482033585
-0.027284474145391816
-0.029828128832331626
-0.03539917785280613
-0.013103041972257576
0.044870098537327485
0.006924610526008674
-0.01424791556562924
0.010954716125069765
0.047299988268374026
-0.019400935480590242
-0.014455886486293213
0.0017026347914190299
-0.04586944230212525
-0.024220963530155425
0.03606129546224282
-0.018378136563283055
-0.03060888362712102
0.01935616998667181
0.008839729381098912
0.02292384389180062
-0.001579146634996574
0.050320923668648446
0.023388334416042014
-0.04494826379788651
0.043175076418247145
-0.026400558018788847
0.002503463999083715
-0.005237861972576964
0.023235939133997383
0.042336233657275804
0.018972703171229104
-0.04163672489162872
-0.017087104640031756
0.03154397575906855
-0.006289350548392417
0.039193250278475804
0.002537640323998623
-0.02168997676865592
-0.020374193349210184
-0.0035821499024134935
0.04262298792552791
-0.028785336867483854
0.021748724736802613
0.03943053320273244
-0.06091795282465044
-0.04226885063181025
-0.02835476221398042
-0.02233291399573261
0.02481484490230441
0.03218926301833868
-0.05951041279102822
-0.03343460614321968
0.0446603800948537
0.006189725922849043
-0.0331424365685087
-0.04149330878734434
0.00014591700038477792
0.025118320053829545
0.0047562969988680474
-0.001258924282815129
-0.008912077300138996
0.0293633070874989
0.04569228491367395
0.008724125544459633
0.007949919091561513
-0.001194911416689673
0.07642646394359746
-0.045484688196145096
-0.041027381712042545
-0.040922303029655174
-0.006527577147131146
-0.04906969815514143
-0.03155665846307001
-0.06602751335902751
0.024904004556186
-0.029523856757944902
0.03210016902582886
0.006629776693333938
-0.03143183685986356
0.003955051374141811
0.005043758568526875
-0.015888402866702605
-0.011472890142861562
0.06929075373318189
-0.03253143102271925
0.014840601574443214
-0.007425547707578948
0.018785453220314212
-0.027656581215400797
0.02187430003126846
-0.04504144825000403
0.015366141909322817
-0.025448964540486924
-0.03333072628392283
0.0070237615526376205
0.012390349506205002
0.05349439582099605
-0.018568844347308922
0.012045771342630468
-0.0014497265116011522
0.04821419943051758
-0.028224085643498525
0.01255801682097091
0.029301537712985767
0.07314736263383705
0.023256768599554545
-0.03498996497698745
-0.023064109485563797
0.055169438420677
-0.04663820712798471
-0.03370937172391681
-0.0093377384196036
0.020878285041496043
0.02470566600196931
0.0025077265133623397
-0.07724548565862505
0.0030575617180601377
0.01785102647641811
-0.02554876086224414
-0.019704892793178524
-0.001281790302806894
-0.034060452473983906
-0.007555604544935098
-0.009858403748613503
0.005805549126071526
0.018441986770608106
0.003934559563474605
0.04609429199335754
-0.020258094394187298
-0.0009226908772978906
0.07404794107612057
-0.01337377352769261
-0.0012890938324361329
0.019204006691771174
0.0060753812958400846
-0.09929658278768802
-0.02297858934915947
-0.04118476567802928
0.011867889504627072
-0.032581790176024354
-0.021431459710017448
-0.12187588177108326
-0.018111857268663486
0.0028364219140577076
0.014534247386721492
-0.015790223467943367
0.013410526273352536
0.00559898434904847
0.0413674735210657
-0.015001345439261791
0.04983082893037421
-0.03211819727043291
0.029204109429098013
-0.04278313667472199
-0.06649670531159423
-0.024421593188064188
-0.0809005835007657
0.0038007865671581768
0.06221698717907399
0.016268728675715785
-0.00846405002820111
0.02634541078473014
0.014079181013425028
0.020107932006622628
-0.0053680846666096784
-0.030301309147568293
-0.015172258373372643
-0.028298542595331596
0.027741030390764157
-0.006204693471463948
-0.04028412974789365
-0.019369237682099274
0.028516626668222533
0.03807400061013801
0.03629383076673533
-0.01966383723289896
-5.979816980830224e-5
0.03960043616047668
-0.014240268419010048
-0.05725614358601264
0.0563905490982563
0.0027897873542894872
0.026873113045535187
-0.008545313856839333
-0.016652020146096277
-0.008229820360479307
0.017738698662469684
-0.009029952843983466
0.03151406465707387
-0.0231503347534591
-0.00714994835362658
-0.05473550613817559
0.058611463041928054
0.06812334036862262
0.01728823821658673
-0.010430037786023439
-0.045102630356201
-0.00929444751957235
-0.03589507787101783
-0.005851161485928909
-0.021334669470411037
-0.029868722827355806
0.02713346924950792
0.025642986989923622
-0.017968837085468394
-0.05115757441438656
-0.029522456307235864
-0.015876681158528364
0.05271364545457987
0.0028722805215574787
-0.02236150622330484
0.04591888351721489
-0.014582679434771009
-0.04636253966978165
0.006449393920210348
0.07374889201594285
0.018935412927118936
-0.0027880641977963906
0.005841557469597152
0.018999353344371816
0.012589259788390513
0.029110688010227124
-0.013415027800011449
0.011176717439713288
0.039375395172848084
-0.0029686767492540537
-0.05694650303021949
0.045002339402121436
0.039706760093312365
0.02816598409261144
0.013877197812066264
-0.03273298006162355
-0.01626267780201306
0.05373876920840923
-0.02104767952554009
0.024933036344662103
-0.02626152194592591
-0.045878731697726514
0.00293417170705638
-0.006493790951148474
-0.03159887094011603
0.008028449724056193
0.0662387299810297
0.00044887579727632764
-0.004350973756366716
0.0025699315170416345
0.03044421209228274
0.030072212109693037
-0.004287267930615797
0.006365625270472043
-0.020193001174350935
-0.028805847882714803
0.007214977367272333
0.03335028114667075
-0.059732279802598695
0.07990899017544768
0.012408895601631156
-0.03033653287388618
-0.06329623456061999
0.03919596898726962
0.01433478911967163
-0.05487384159812459
0.14476564483267518
0.03491721419707813
0.07307080310852967
0.11726278939326151
0.11920589619904141
0.040393865256723775
0.13762872830749046
0.010868530455681666
0.05085625207246791
0.036515479966537076
0.05104909946941319
-0.02662859227651716
-0.04057429816620944
-0.05141191564723049
0.04957911328264851
-0.060997344286551486
-0.01677015595439159
0.052114844329889894
0.01786036482346473
-0.033690640200408455
0.0006392630420307825
0.02439238977741241
0.06040243316679156
0.0005444092462018576
-0.024920650174480467
-0.013248988629980646
-0.008680535476117569
-0.0752612539887594
0.04677840492973709
-0.006518543260145967
-0.0034950389310004514
-0.007427352997723416
-0.04831131514740312
0.03799946556717502
-0.016023951105452527
0.06750919957329278
-0.03262523380130856
0.0779942336354576
0.014110786867411091
-0.008112554886038126
0.007202751334522256
-0.002181612568966741
-0.01956936785250529
-0.013435537395119258
0.06070031960039985
0.08627039448252735
0.0064621090059279514
-0.01008088751036568
0.018904765960686184
0.005575575788170224
-0.017622985543531013
0.021197340562693567
0.03201811266665464
-0.08260625456437559
0.03311905338090515
0.020222843390323667
-0.0019534116622565616
-0.0603774963449321
-0.016850662053681544
-0.02539799406282098
-0.027703027692466853
-0.006104763861854177
0.048748407236234005
-0.05968779404889196
-0.10596630404927163
-0.12711509958936226
-0.05334478001043616
-0.09829276685807858
-0.11862545262153187
-0.10769943713461051
-0.008287363041056654
-0.003651664604347615
-0.05645340155876776
-0.07977738302815411
-0.0685956322811762
-0.001503718995401934
-0.03562116527309123
-0.020029500996928757
-0.06765905606389219
0.02141048049140074
0.03256450028425202
0.003307807462041414
0.0072433511407583185
0.01266421550331974
-0.03463203034775341
-0.03134175051211298
-0.03833599190506868
-0.01477935937341619
-0.006804549787839634
-0.016857294665467457
-0.009981907177416083
-0.05473679576918907
-0.009698411836360237
0.04556587464235614
-0.013231387475676525
0.01915567380738837
0.07031762182991598
0.14651095359476835
0.04391878546594234
0.010320083198686126
0.027961191208243336
0.0946029163137795
0.04049292652151615
0.07228487359030225
0.014383570910826067
0.025394746852743327
-0.03204598267454492
0.15017442546542217
-0.032642922150353346
-0.024087406429480138
0.022361165220971882
-0.020270427765523246
-0.062143544798341215
0.009926711717811357
-0.006292823369972736
0.046552847068832844
0.04021417192300326
-0.011777570662060219
-0.039784835930917015
0.018064688422904766
0.05017292800806178
-0.014751819801420681
0.038640667167218895
-0.012522168845385899
0.031116557835619972
0.09812868850703638
-0.01604866537329402
-0.04973860186266429
0.05535639041693605
-0.01072118123567119
0.003086814867087069
0.024719626320977597
0.0367932199753493
0.06201163957052981
-0.02123077443047158
-0.06050372908488542
0.03124476722032353
0.02239602638116001
0.0050376504314803726
-0.013239741571406591
-0.011499967399847726
-0.023625635544924372
-0.008795171893666947
0.022847273830378524
-0.09430825825211417
-0.033720453381989104
0.04690571962849892
0.0351549780622849
0.02792834200269465
-0.053434707999472156
-0.057557442881921654
-0.04123059114750752
0.05706672503707998
0.004196104556211522
-0.025761526839275458
0.04678216192033972
-0.0045289218343959655
0.01445261530543298
-0.006768786378756645
0.027091092518700458
-0.008585739121137961
-0.017681820342660002
-0.07360605491492225
0.03327868464783946
-0.05695159114461101
-0.09037733757241485
0.002968405055935596
-0.0016812824373783793
0.005711941301701226
-0.015374987081653885
0.030863382199581936
0.052986330422218494
0.003909815935107619
-0.023947326646379562
0.01826161454573706
0.010419707131332818
-0.022539103203177785
-0.0892025556703853
-0.022673179988679463
0.02805350561598477
0.060824911658856166
-0.05986272875772855
0.07294097381798273
0.037903596013373474
-0.005034121642857578
-0.005711943386946527
-0.0024453291320975967
-0.0453582324054496
0.043779862228378624
0.030744707107322067
0.057407462277421765
0.0009610812606463822
-0.011694185520535057
-0.04450173207840516
-0.028558673635555382
-0.024495032387428842
-0.07867478036498207
-0.07978769674866769
-0.07252504558146981
0.022803522512801558
0.04730567085598016
-0.03429119887102525
-0.000527916152137346
-0.0001383246659699625
-0.05564927614330557
0.0027737966582412664
-0.0006080116430716575
-0.042834923021627634
-0.016653712032402453
0.006104251372139141
0.039526960576464334
-0.007598890296242161
0.05842727534715426
-0.030576821592180767
-0.038819575940590684
0.04098811636947306
-0.01485726345266753
-0.015268750810096734
0.011763122600896472
-0.02594978448823687
0.04203036672550179
-0.02983842881562949
-0.004115441671957367
0.056814778305725795
0.007163200892708825
-0.048981060714920116
0.005377659496652529
-0.08108975199983853
0.028926776265876846
-0.017359614450494894
0.04947959263655735
0.013607016446675238
0.005013851189439319
0.03201247096219592
-0.023252036495187672
0.022509066122170972
0.02901502278781318
-0.017506801781145706
0.0032807531321453645
0.07356035981977749
-0.052118397510001975
0.00546768585128947
0.010060459829256999
-0.04077265373690256
-0.06036137741065247
-0.01291324560095878
0.02248776051702381
0.059234962440285095
0.018732360048379696
0.01073736716540233
-0.011572430878849474
0.05107885609498612
0.03877419587898142
-0.045104904697432266
-0.08409595369444696
0.026094975988865433
0.005740404327632437
-0.10202553128222955
-0.12295300771905565
0.0788920245287765
0.07819784198724394
0.004545959984108637
0.049087277620105896
0.01091265149349016
-0.04855672387099678
0.012194662938928333
-0.053504665681292085
-0.03440119681374174
0.045200995040592884
0.014396112739822033
-0.00994408764913907
-0.061779596201532505
0.0707198932626333
-0.011030902271625405
-0.09373593660064045
0.03510392510033641
0.09480987381026063
-0.04132728273555117
0.04502459239407042
-0.06979183810592501
-0.0004392696149482967
-0.012810129400239277
0.06375264423210107
-0.02719363475511681
0.03580751877219775
0.03277335811276949
0.01758272271799478
-0.06860501399505411
-0.10128121855365374
-0.010810727531776879
0.06217004860482412
-0.07427154289825467
0.08243037681581991
0.011650450750323758
-0.048557076596960326
-0.018112701831359514
0.037606445261186075
-0.051060800852610215
0.032448898683376325
-0.0317432047235751
0.045665627530040505
0.016823779893074837
-0.021740186749268448
-0.05483526211343151
-0.011427353745692839
0.06367921207240612
0.006183317441378341
0.06546895803600182
-0.1080467187408687
0.019924521905114692
0.05650328004653967
0.0700810471145004
0.02395870061327108
-0.07350235300816187
-0.016739068397316422
-0.00793655170335915
-0.00840441708976746
-0.027941131467381742
0.02633710273898539
-0.03128837947023834
